1734014063295 1.0 0
1734014749065 2.0 1
1734015418561 3.0 2
1734016090474 4.0 3
1734016759866 5.0 4
1734017429862 6.0 5
1734018100337 7.0 6
1734018772147 8.0 7
1734019439287 9.0 8
1734020106306 10.0 9
1734020773104 11.0 10
1734021442258 12.0 11
1734022110687 13.0 12
1734022780278 14.0 13
1734023448732 15.0 14
1734024116324 16.0 15
1734024784911 17.0 16
1734025454394 18.0 17
1734026124348 19.0 18
1734026793474 20.0 19
1734027460094 21.0 20
1734028129426 22.0 21
1734028797602 23.0 22
1734029463250 24.0 23
1734030129643 25.0 24
1734030795769 26.0 25
1734031461754 27.0 26
1734032129421 28.0 27
1734032795227 29.0 28
1734033464098 30.0 29
1734034122730 31.0 30
1734034778693 32.0 31
1734035436026 33.0 32
1734036092290 34.0 33
1734036749317 35.0 34
1734037407004 36.0 35
1734038064038 37.0 36
1734038721167 38.0 37
1734039378229 39.0 38
1734040035315 40.0 39
1734040693954 41.0 40
1734041350417 42.0 41
1734042008093 43.0 42
1734042665017 44.0 43
1734043322045 45.0 44
1734043978356 46.0 45
1734044635657 47.0 46
1734045292966 48.0 47
1734045948956 49.0 48
1734046605105 50.0 49
1734047263800 51.0 50
1734047920253 52.0 51
1734048576523 53.0 52
1734049232457 54.0 53
1734049892948 55.0 54
1734050552518 56.0 55
1734051208958 57.0 56
1734051866537 58.0 57
1734052524034 59.0 58
1734053181342 60.0 59
1734053838465 61.0 60
1734054496344 62.0 61
1734055152197 63.0 62
1734055810653 64.0 63
1734056468105 65.0 64
1734057123471 66.0 65
1734057781678 67.0 66
1734058439220 68.0 67
1734059097259 69.0 68
1734059754590 70.0 69
1734060411764 71.0 70
1734061069012 72.0 71
1734061727824 73.0 72
1734062384503 74.0 73
1734063042517 75.0 74
1734063698230 76.0 75
1734064356996 77.0 76
1734065014226 78.0 77
1734065671145 79.0 78
1734066327773 80.0 79
1734066984405 81.0 80
1734067641801 82.0 81
1734068298307 83.0 82
1734068956351 84.0 83
1734069612166 85.0 84
1734070271109 86.0 85
1734070928796 87.0 86
1734071584912 88.0 87
1734072242943 89.0 88
1734072900749 90.0 89
1734073557440 91.0 90
1734074213755 92.0 91
1734074868915 93.0 92
1734075526731 94.0 93
1734076184070 95.0 94
1734076840805 96.0 95
1734077497317 97.0 96
1734078155067 98.0 97
1734078810630 99.0 98
1734079466549 100.0 99
1734080124197 101.0 100
1734080782278 102.0 101
1734081439404 103.0 102
1734082095862 104.0 103
1734082752991 105.0 104
1734083411733 106.0 105
1734084069678 107.0 106
1734084726499 108.0 107
1734085383136 109.0 108
1734086039311 110.0 109
1734086697098 111.0 110
1734087354450 112.0 111
1734088011668 113.0 112
1734088668353 114.0 113
1734089327162 115.0 114
1734089985071 116.0 115
1734090643148 117.0 116
1734091299717 118.0 117
1734091956203 119.0 118
1734092613739 120.0 119
1734093270327 121.0 120
1734093926122 122.0 121
1734094583286 123.0 122
1734095241320 124.0 123
1734095897920 125.0 124
1734096555732 126.0 125
1734097213263 127.0 126
1734097870495 128.0 127
1734098526836 129.0 128
1734099183761 130.0 129
1734099840746 131.0 130
1734100497153 132.0 131
1734101153543 133.0 132
1734101809073 134.0 133
1734102465854 135.0 134
1734103122620 136.0 135
1734103781885 137.0 136
1734104439979 138.0 137
1734105095793 139.0 138
1734105751913 140.0 139
1734106408988 141.0 140
1734107067568 142.0 141
1734107723477 143.0 142
1734108380471 144.0 143
1734109037685 145.0 144
1734109696947 146.0 145
1734110353303 147.0 146
1734111009737 148.0 147
1734111666424 149.0 148
1734112323582 150.0 149
1734112980846 151.0 150
1734113637868 152.0 151
1734114294464 153.0 152
1734114952149 154.0 153
1734115608728 155.0 154
1734116266721 156.0 155
1734116923016 157.0 156
1734117580295 158.0 157
1734118238234 159.0 158
1734118895379 160.0 159
1734119552761 161.0 160
1734120209097 162.0 161
1734120865303 163.0 162
1734121522177 164.0 163
1734122177630 165.0 164
1734122836212 166.0 165
1734123492542 167.0 166
1734124148558 168.0 167
1734124804983 169.0 168
1734125461669 170.0 169
1734126118566 171.0 170
1734126775602 172.0 171
1734127433113 173.0 172
1734128090562 174.0 173
1734128747192 175.0 174
1734129404908 176.0 175
1734130063621 177.0 176
1734130721734 178.0 177
1734131378040 179.0 178
1734132034581 180.0 179
1734132691853 181.0 180
1734133349133 182.0 181
1734134005396 183.0 182
1734134660975 184.0 183
1734135317515 185.0 184
1734135975293 186.0 185
1734136630552 187.0 186
1734137286904 188.0 187
1734137944790 189.0 188
1734138601569 190.0 189
1734139257643 191.0 190
1734139914152 192.0 191
1734140570203 193.0 192
1734141225833 194.0 193
1734141882782 195.0 194
1734142538892 196.0 195
1734143195448 197.0 196
1734143851114 198.0 197
1734144509434 199.0 198
1734145166155 200.0 199
1734145821243 201.0 200
1734146477533 202.0 201
1734147135083 203.0 202
1734147792254 204.0 203
1734148447630 205.0 204
1734149104381 206.0 205
1734149761002 207.0 206
1734150419649 208.0 207
1734151075429 209.0 208
1734151732278 210.0 209
1734152388733 211.0 210
1734153047702 212.0 211
1734153704259 213.0 212
1734154359776 214.0 213
1734155015479 215.0 214
1734155671326 216.0 215
1734156329397 217.0 216
1734156985802 218.0 217
1734157642678 219.0 218
1734158299871 220.0 219
1734158957190 221.0 220
1734159613581 222.0 221
1734160269590 223.0 222
1734160924941 224.0 223
1734161582335 225.0 224
1734162238824 226.0 225
1734162894459 227.0 226
1734163551007 228.0 227
1734164207468 229.0 228
1734164864692 230.0 229
1734165520549 231.0 230
1734166176680 232.0 231
1734166832869 233.0 232
1734167490201 234.0 233
1734168146407 235.0 234
1734168803724 236.0 235
1734169462331 237.0 236
1734170118107 238.0 237
1734170773526 239.0 238
1734171430163 240.0 239
1734172087430 241.0 240
1734172743343 242.0 241
1734173398796 243.0 242
1734174055266 244.0 243
1734174711877 245.0 244
1734175368334 246.0 245
1734176026654 247.0 246
1734176685276 248.0 247
1734177341881 249.0 248
1734178000057 250.0 249
1734178657269 251.0 250
1734179313498 252.0 251
1734179969968 253.0 252
1734180626933 254.0 253
1734181283546 255.0 254
1734181940638 256.0 255
1734182596185 257.0 256
1734183253787 258.0 257
1734183910188 259.0 258
1734184567307 260.0 259
1734185223023 261.0 260
1734185879968 262.0 261
1734186538723 263.0 262
1734187196322 264.0 263
1734187852131 265.0 264
1734188508958 266.0 265
1734189164648 267.0 266
1734189821701 268.0 267
1734190478000 269.0 268
1734191134178 270.0 269
1734191790476 271.0 270
1734192449008 272.0 271
1734193105301 273.0 272
1734193763061 274.0 273
1734194418880 275.0 274
1734195075679 276.0 275
1734195732170 277.0 276
1734196387119 278.0 277
1734197042586 279.0 278
1734197698652 280.0 279
1734198358416 281.0 280
1734199014797 282.0 281
1734199671750 283.0 282
1734200329335 284.0 283
1734200986825 285.0 284
1734201643080 286.0 285
1734202297514 287.0 286
1734202952850 288.0 287
1734203608297 289.0 288
1734204265338 290.0 289
1734204920022 291.0 290
1734205575927 292.0 291
1734206232664 293.0 292
1734206890128 294.0 293
1734207546939 295.0 294
1734208203187 296.0 295
1734208858799 297.0 296
1734209514562 298.0 297
1734210170624 299.0 298
1734210826486 300.0 299
1734211482564 301.0 300
1734212137934 302.0 301
1734212794799 303.0 302
1734213451134 304.0 303
1734214107857 305.0 304
1734214764178 306.0 305
1734215421959 307.0 306
1734216078045 308.0 307
1734216733189 309.0 308
1734217388731 310.0 309
1734218044810 311.0 310
1734218702743 312.0 311
1734219358421 313.0 312
1734220014314 314.0 313
1734220670662 315.0 314
1734221328381 316.0 315
1734221984870 317.0 316
1734222641986 318.0 317
1734223299553 319.0 318
1734223955789 320.0 319
1734224612871 321.0 320
1734225268854 322.0 321
1734225927198 323.0 322
1734226582955 324.0 323
1734227240668 325.0 324
1734227897045 326.0 325
1734228553251 327.0 326
1734229210556 328.0 327
1734229866372 329.0 328
1734230523170 330.0 329
1734231179076 331.0 330
1734231835217 332.0 331
1734232492306 333.0 332
1734233150595 334.0 333
1734233806727 335.0 334
1734234461934 336.0 335
1734235117822 337.0 336
1734235774766 338.0 337
1734236431559 339.0 338
1734237088088 340.0 339
1734237743556 341.0 340
1734238399565 342.0 341
1734239056428 343.0 342
1734239713402 344.0 343
1734240368221 345.0 344
1734241023419 346.0 345
1734241682584 347.0 346
1734242339523 348.0 347
1734242996112 349.0 348
1734243652391 350.0 349
1734244309080 351.0 350
1734244965200 352.0 351
1734245622035 353.0 352
1734246279406 354.0 353
1734246936701 355.0 354
1734247594974 356.0 355
1734248252364 357.0 356
1734248908609 358.0 357
1734249564859 359.0 358
1734250222897 360.0 359
1734250879139 361.0 360
1734251535138 362.0 361
1734252193506 363.0 362
1734252850291 364.0 363
1734253508887 365.0 364
1734254163410 366.0 365
1734254818599 367.0 366
1734255474849 368.0 367
1734256133245 369.0 368
1734256789556 370.0 369
1734257446653 371.0 370
1734258102897 372.0 371
1734258760501 373.0 372
1734259418526 374.0 373
1734260074705 375.0 374
1734260730060 376.0 375
1734261386558 377.0 376
1734262044096 378.0 377
1734262700478 379.0 378
1734263357101 380.0 379
1734264012686 381.0 380
1734264668780 382.0 381
1734265324766 383.0 382
1734265981004 384.0 383
1734266636738 385.0 384
1734267292746 386.0 385
1734267949854 387.0 386
1734268606028 388.0 387
1734269260992 389.0 388
1734269919044 390.0 389
1734270575340 391.0 390
1734271230910 392.0 391
1734271886734 393.0 392
1734272543736 394.0 393
1734273199700 395.0 394
1734273856491 396.0 395
1734274512827 397.0 396
1734275168344 398.0 397
1734275824103 399.0 398
1734276480680 400.0 399
1734277138122 401.0 400
1734277794275 402.0 401
1734278451198 403.0 402
1734279107631 404.0 403
1734279763656 405.0 404
1734280419808 406.0 405
1734281075555 407.0 406
1734281731262 408.0 407
1734282388297 409.0 408
1734283044855 410.0 409
1734283701661 411.0 410
1734284358034 412.0 411
1734285015319 413.0 412
1734285671400 414.0 413
1734286328831 415.0 414
1734286985240 416.0 415
1734287641804 417.0 416
1734288299998 418.0 417
1734288956484 419.0 418
1734289612484 420.0 419
1734290267592 421.0 420
1734290924106 422.0 421
1734291581604 423.0 422
1734292237462 424.0 423
1734292894196 425.0 424
1734293550968 426.0 425
1734294207657 427.0 426
1734294864271 428.0 427
1734295522012 429.0 428
1734296178437 430.0 429
1734296835366 431.0 430
1734297491327 432.0 431
1734298147637 433.0 432
1734298803595 434.0 433
1734299460258 435.0 434
1734300118175 436.0 435
1734300774295 437.0 436
1734301430746 438.0 437
1734302086055 439.0 438
1734302743273 440.0 439
1734303400191 441.0 440
1734304056909 442.0 441
1734304714162 443.0 442
1734305370745 444.0 443
1734306027858 445.0 444
1734306684922 446.0 445
1734307342606 447.0 446
1734307999144 448.0 447
1734308655540 449.0 448
1734309311872 450.0 449
1734309967992 451.0 450
1734310623667 452.0 451
1734311280016 453.0 452
1734311937545 454.0 453
1734312593515 455.0 454
1734313249463 456.0 455
1734313905973 457.0 456
1734314564386 458.0 457
1734315220289 459.0 458
1734315876980 460.0 459
1734316533079 461.0 460
1734317188924 462.0 461
1734317845407 463.0 462
1734318501491 464.0 463
1734319157700 465.0 464
1734319814468 466.0 465
1734320469857 467.0 466
1734321126516 468.0 467
1734321784053 469.0 468
1734322441056 470.0 469
1734323097037 471.0 470
1734323754834 472.0 471
1734324410703 473.0 472
1734325066791 474.0 473
1734325722832 475.0 474
1734326380233 476.0 475
1734327036011 477.0 476
1734327690919 478.0 477
1734328347427 479.0 478
1734329004423 480.0 479
1734329660619 481.0 480
1734330316169 482.0 481
1734330972784 483.0 482
1734331628882 484.0 483
1734332285723 485.0 484
1734332941674 486.0 485
1734333599013 487.0 486
1734334255026 488.0 487
1734334912158 489.0 488
1734335568127 490.0 489
1734336198989 491.0 490
1734336829518 492.0 491
1734337459937 493.0 492
1734338092518 494.0 493
1734338722988 495.0 494
1734339352608 496.0 495
1734339983339 497.0 496
1734340614723 498.0 497
1734341245948 499.0 498
1734341876276 500.0 499
