1734014063295 0.014 0
1734014749065 0.062 1
1734015418561 0.102 2
1734016090474 0.142 3
1734016759866 0.166 4
1734017429862 0.184 5
1734018100337 0.196 6
1734018772147 0.203 7
1734019439287 0.208 8
1734020106306 0.212 9
1734020773104 0.215 10
1734021442258 0.22 11
1734022110687 0.223 12
1734022780278 0.226 13
1734023448732 0.229 14
1734024116324 0.233 15
1734024784911 0.237 16
1734025454394 0.24 17
1734026124348 0.244 18
1734026793474 0.247 19
1734027460094 0.25 20
1734028129426 0.252 21
1734028797602 0.255 22
1734029463250 0.258 23
1734030129643 0.26 24
1734030795769 0.263 25
1734031461754 0.265 26
1734032129421 0.267 27
1734032795227 0.269 28
1734033464098 0.271 29
1734034122730 0.273 30
1734034778693 0.275 31
1734035436026 0.276 32
1734036092290 0.278 33
1734036749317 0.28 34
1734037407004 0.281 35
1734038064038 0.282 36
1734038721167 0.283 37
1734039378229 0.284 38
1734040035315 0.286 39
1734040693954 0.287 40
1734041350417 0.288 41
1734042008093 0.289 42
1734042665017 0.289 43
1734043322045 0.29 44
1734043978356 0.291 45
1734044635657 0.292 46
1734045292966 0.292 47
1734045948956 0.293 48
1734046605105 0.294 49
1734047263800 0.295 50
1734047920253 0.295 51
1734048576523 0.296 52
1734049232457 0.296 53
1734049892948 0.297 54
1734050552518 0.297 55
1734051208958 0.298 56
1734051866537 0.298 57
1734052524034 0.3 58
1734053181342 0.3 59
1734053838465 0.3 60
1734054496344 0.301 61
1734055152197 0.302 62
1734055810653 0.303 63
1734056468105 0.303 64
1734057123471 0.304 65
1734057781678 0.304 66
1734058439220 0.305 67
1734059097259 0.305 68
1734059754590 0.306 69
1734060411764 0.306 70
1734061069012 0.307 71
1734061727824 0.308 72
1734062384503 0.308 73
1734063042517 0.308 74
1734063698230 0.308 75
1734064356996 0.308 76
1734065014226 0.308 77
1734065671145 0.309 78
1734066327773 0.31 79
1734066984405 0.31 80
1734067641801 0.31 81
1734068298307 0.31 82
1734068956351 0.311 83
1734069612166 0.311 84
1734070271109 0.312 85
1734070928796 0.312 86
1734071584912 0.312 87
1734072242943 0.312 88
1734072900749 0.314 89
1734073557440 0.314 90
1734074213755 0.314 91
1734074868915 0.315 92
1734075526731 0.315 93
1734076184070 0.315 94
1734076840805 0.315 95
1734077497317 0.315 96
1734078155067 0.315 97
1734078810630 0.315 98
1734079466549 0.315 99
1734080124197 0.315 100
1734080782278 0.315 101
1734081439404 0.315 102
1734082095862 0.316 103
1734082752991 0.316 104
1734083411733 0.316 105
1734084069678 0.317 106
1734084726499 0.317 107
1734085383136 0.317 108
1734086039311 0.317 109
1734086697098 0.317 110
1734087354450 0.317 111
1734088011668 0.318 112
1734088668353 0.318 113
1734089327162 0.318 114
1734089985071 0.318 115
1734090643148 0.318 116
1734091299717 0.318 117
1734091956203 0.318 118
1734092613739 0.318 119
1734093270327 0.319 120
1734093926122 0.319 121
1734094583286 0.32 122
1734095241320 0.32 123
1734095897920 0.32 124
1734096555732 0.32 125
1734097213263 0.321 126
1734097870495 0.321 127
1734098526836 0.321 128
1734099183761 0.321 129
1734099840746 0.321 130
1734100497153 0.32 131
1734101153543 0.321 132
1734101809073 0.321 133
1734102465854 0.321 134
1734103122620 0.322 135
1734103781885 0.322 136
1734104439979 0.322 137
1734105095793 0.322 138
1734105751913 0.322 139
1734106408988 0.322 140
1734107067568 0.323 141
1734107723477 0.323 142
1734108380471 0.323 143
1734109037685 0.323 144
1734109696947 0.324 145
1734110353303 0.323 146
1734111009737 0.324 147
1734111666424 0.324 148
1734112323582 0.324 149
1734112980846 0.324 150
1734113637868 0.325 151
1734114294464 0.324 152
1734114952149 0.325 153
1734115608728 0.325 154
1734116266721 0.325 155
1734116923016 0.325 156
1734117580295 0.325 157
1734118238234 0.324 158
1734118895379 0.325 159
1734119552761 0.325 160
1734120209097 0.326 161
1734120865303 0.325 162
1734121522177 0.325 163
1734122177630 0.325 164
1734122836212 0.325 165
1734123492542 0.326 166
1734124148558 0.326 167
1734124804983 0.326 168
1734125461669 0.325 169
1734126118566 0.325 170
1734126775602 0.326 171
1734127433113 0.326 172
1734128090562 0.326 173
1734128747192 0.326 174
1734129404908 0.326 175
1734130063621 0.326 176
1734130721734 0.326 177
1734131378040 0.326 178
1734132034581 0.326 179
1734132691853 0.326 180
1734133349133 0.326 181
1734134005396 0.327 182
1734134660975 0.327 183
1734135317515 0.327 184
1734135975293 0.327 185
1734136630552 0.327 186
1734137286904 0.328 187
1734137944790 0.328 188
1734138601569 0.328 189
1734139257643 0.328 190
1734139914152 0.328 191
1734140570203 0.329 192
1734141225833 0.329 193
1734141882782 0.329 194
1734142538892 0.329 195
1734143195448 0.329 196
1734143851114 0.329 197
1734144509434 0.329 198
1734145166155 0.329 199
1734145821243 0.329 200
1734146477533 0.329 201
1734147135083 0.329 202
1734147792254 0.33 203
1734148447630 0.33 204
1734149104381 0.33 205
1734149761002 0.33 206
1734150419649 0.331 207
1734151075429 0.331 208
1734151732278 0.331 209
1734152388733 0.331 210
1734153047702 0.331 211
1734153704259 0.331 212
1734154359776 0.331 213
1734155015479 0.331 214
1734155671326 0.331 215
1734156329397 0.332 216
1734156985802 0.331 217
1734157642678 0.332 218
1734158299871 0.332 219
1734158957190 0.332 220
1734159613581 0.332 221
1734160269590 0.333 222
1734160924941 0.333 223
1734161582335 0.333 224
1734162238824 0.333 225
1734162894459 0.332 226
1734163551007 0.332 227
1734164207468 0.333 228
1734164864692 0.333 229
1734165520549 0.333 230
1734166176680 0.333 231
1734166832869 0.333 232
1734167490201 0.333 233
1734168146407 0.333 234
1734168803724 0.333 235
1734169462331 0.333 236
1734170118107 0.334 237
1734170773526 0.334 238
1734171430163 0.335 239
1734172087430 0.335 240
1734172743343 0.335 241
1734173398796 0.334 242
1734174055266 0.334 243
1734174711877 0.335 244
1734175368334 0.335 245
1734176026654 0.335 246
1734176685276 0.335 247
1734177341881 0.335 248
1734178000057 0.336 249
1734178657269 0.336 250
1734179313498 0.335 251
1734179969968 0.336 252
1734180626933 0.336 253
1734181283546 0.336 254
1734181940638 0.336 255
1734182596185 0.336 256
1734183253787 0.336 257
1734183910188 0.336 258
1734184567307 0.337 259
1734185223023 0.336 260
1734185879968 0.337 261
1734186538723 0.336 262
1734187196322 0.336 263
1734187852131 0.337 264
1734188508958 0.337 265
1734189164648 0.337 266
1734189821701 0.336 267
1734190478000 0.337 268
1734191134178 0.338 269
1734191790476 0.337 270
1734192449008 0.337 271
1734193105301 0.338 272
1734193763061 0.337 273
1734194418880 0.338 274
1734195075679 0.338 275
1734195732170 0.338 276
1734196387119 0.338 277
1734197042586 0.338 278
1734197698652 0.338 279
1734198358416 0.338 280
1734199014797 0.339 281
1734199671750 0.339 282
1734200329335 0.339 283
1734200986825 0.339 284
1734201643080 0.339 285
1734202297514 0.339 286
1734202952850 0.34 287
1734203608297 0.34 288
1734204265338 0.34 289
1734204920022 0.34 290
1734205575927 0.34 291
1734206232664 0.34 292
1734206890128 0.34 293
1734207546939 0.34 294
1734208203187 0.341 295
1734208858799 0.341 296
1734209514562 0.341 297
1734210170624 0.341 298
1734210826486 0.341 299
1734211482564 0.341 300
1734212137934 0.341 301
1734212794799 0.342 302
1734213451134 0.342 303
1734214107857 0.342 304
1734214764178 0.341 305
1734215421959 0.342 306
1734216078045 0.342 307
1734216733189 0.342 308
1734217388731 0.342 309
1734218044810 0.343 310
1734218702743 0.342 311
1734219358421 0.342 312
1734220014314 0.342 313
1734220670662 0.342 314
1734221328381 0.343 315
1734221984870 0.343 316
1734222641986 0.344 317
1734223299553 0.344 318
1734223955789 0.344 319
1734224612871 0.344 320
1734225268854 0.344 321
1734225927198 0.345 322
1734226582955 0.345 323
1734227240668 0.345 324
1734227897045 0.345 325
1734228553251 0.344 326
1734229210556 0.344 327
1734229866372 0.344 328
1734230523170 0.345 329
1734231179076 0.345 330
1734231835217 0.345 331
1734232492306 0.345 332
1734233150595 0.345 333
1734233806727 0.345 334
1734234461934 0.346 335
1734235117822 0.345 336
1734235774766 0.345 337
1734236431559 0.346 338
1734237088088 0.346 339
1734237743556 0.346 340
1734238399565 0.346 341
1734239056428 0.346 342
1734239713402 0.345 343
1734240368221 0.346 344
1734241023419 0.346 345
1734241682584 0.346 346
1734242339523 0.346 347
1734242996112 0.346 348
1734243652391 0.346 349
1734244309080 0.346 350
1734244965200 0.347 351
1734245622035 0.347 352
1734246279406 0.346 353
1734246936701 0.347 354
1734247594974 0.346 355
1734248252364 0.347 356
1734248908609 0.347 357
1734249564859 0.346 358
1734250222897 0.347 359
1734250879139 0.347 360
1734251535138 0.347 361
1734252193506 0.348 362
1734252850291 0.347 363
1734253508887 0.348 364
1734254163410 0.348 365
1734254818599 0.348 366
1734255474849 0.349 367
1734256133245 0.349 368
1734256789556 0.348 369
1734257446653 0.348 370
1734258102897 0.349 371
1734258760501 0.349 372
1734259418526 0.349 373
1734260074705 0.349 374
1734260730060 0.35 375
1734261386558 0.35 376
1734262044096 0.351 377
1734262700478 0.351 378
1734263357101 0.35 379
1734264012686 0.35 380
1734264668780 0.35 381
1734265324766 0.35 382
1734265981004 0.35 383
1734266636738 0.351 384
1734267292746 0.351 385
1734267949854 0.351 386
1734268606028 0.351 387
1734269260992 0.351 388
1734269919044 0.352 389
1734270575340 0.352 390
1734271230910 0.352 391
1734271886734 0.352 392
1734272543736 0.351 393
1734273199700 0.352 394
1734273856491 0.352 395
1734274512827 0.352 396
1734275168344 0.353 397
1734275824103 0.353 398
1734276480680 0.352 399
1734277138122 0.353 400
1734277794275 0.353 401
1734278451198 0.352 402
1734279107631 0.352 403
1734279763656 0.352 404
1734280419808 0.353 405
1734281075555 0.353 406
1734281731262 0.352 407
1734282388297 0.352 408
1734283044855 0.352 409
1734283701661 0.352 410
1734284358034 0.353 411
1734285015319 0.353 412
1734285671400 0.353 413
1734286328831 0.353 414
1734286985240 0.353 415
1734287641804 0.353 416
1734288299998 0.353 417
1734288956484 0.354 418
1734289612484 0.354 419
1734290267592 0.354 420
1734290924106 0.355 421
1734291581604 0.355 422
1734292237462 0.355 423
1734292894196 0.355 424
1734293550968 0.355 425
1734294207657 0.355 426
1734294864271 0.356 427
1734295522012 0.355 428
1734296178437 0.356 429
1734296835366 0.356 430
1734297491327 0.356 431
1734298147637 0.356 432
1734298803595 0.356 433
1734299460258 0.356 434
1734300118175 0.357 435
1734300774295 0.357 436
1734301430746 0.357 437
1734302086055 0.357 438
1734302743273 0.357 439
1734303400191 0.357 440
1734304056909 0.357 441
1734304714162 0.358 442
1734305370745 0.358 443
1734306027858 0.359 444
1734306684922 0.359 445
1734307342606 0.359 446
1734307999144 0.359 447
1734308655540 0.359 448
1734309311872 0.359 449
1734309967992 0.359 450
1734310623667 0.359 451
1734311280016 0.359 452
1734311937545 0.359 453
1734312593515 0.359 454
1734313249463 0.359 455
1734313905973 0.359 456
1734314564386 0.359 457
1734315220289 0.36 458
1734315876980 0.36 459
1734316533079 0.36 460
1734317188924 0.36 461
1734317845407 0.36 462
1734318501491 0.36 463
1734319157700 0.361 464
1734319814468 0.361 465
1734320469857 0.361 466
1734321126516 0.361 467
1734321784053 0.361 468
1734322441056 0.361 469
1734323097037 0.361 470
1734323754834 0.362 471
1734324410703 0.362 472
1734325066791 0.362 473
1734325722832 0.362 474
1734326380233 0.362 475
1734327036011 0.362 476
1734327690919 0.362 477
1734328347427 0.362 478
1734329004423 0.363 479
1734329660619 0.363 480
1734330316169 0.363 481
1734330972784 0.363 482
1734331628882 0.364 483
1734332285723 0.364 484
1734332941674 0.363 485
1734333599013 0.364 486
1734334255026 0.364 487
1734334912158 0.364 488
1734335568127 0.363 489
1734336198989 0.364 490
1734336829518 0.365 491
1734337459937 0.365 492
1734338092518 0.365 493
1734338722988 0.366 494
1734339352608 0.366 495
1734339983339 0.367 496
1734340614723 0.367 497
1734341245948 0.367 498
1734341876276 0.368 499
