1734014063295 0.03 0
1734014749065 0.11 1
1734015418561 0.172 2
1734016090474 0.23 3
1734016759866 0.264 4
1734017429862 0.289 5
1734018100337 0.304 6
1734018772147 0.315 7
1734019439287 0.321 8
1734020106306 0.327 9
1734020773104 0.332 10
1734021442258 0.337 11
1734022110687 0.342 12
1734022780278 0.346 13
1734023448732 0.35 14
1734024116324 0.355 15
1734024784911 0.359 16
1734025454394 0.363 17
1734026124348 0.368 18
1734026793474 0.372 19
1734027460094 0.377 20
1734028129426 0.38 21
1734028797602 0.384 22
1734029463250 0.387 23
1734030129643 0.391 24
1734030795769 0.394 25
1734031461754 0.398 26
1734032129421 0.401 27
1734032795227 0.404 28
1734033464098 0.406 29
1734034122730 0.408 30
1734034778693 0.41 31
1734035436026 0.413 32
1734036092290 0.414 33
1734036749317 0.417 34
1734037407004 0.419 35
1734038064038 0.42 36
1734038721167 0.422 37
1734039378229 0.423 38
1734040035315 0.425 39
1734040693954 0.426 40
1734041350417 0.427 41
1734042008093 0.429 42
1734042665017 0.431 43
1734043322045 0.431 44
1734043978356 0.432 45
1734044635657 0.433 46
1734045292966 0.434 47
1734045948956 0.434 48
1734046605105 0.436 49
1734047263800 0.437 50
1734047920253 0.438 51
1734048576523 0.439 52
1734049232457 0.439 53
1734049892948 0.44 54
1734050552518 0.439 55
1734051208958 0.44 56
1734051866537 0.441 57
1734052524034 0.442 58
1734053181342 0.443 59
1734053838465 0.444 60
1734054496344 0.445 61
1734055152197 0.445 62
1734055810653 0.446 63
1734056468105 0.447 64
1734057123471 0.447 65
1734057781678 0.448 66
1734058439220 0.448 67
1734059097259 0.449 68
1734059754590 0.449 69
1734060411764 0.45 70
1734061069012 0.451 71
1734061727824 0.452 72
1734062384503 0.452 73
1734063042517 0.452 74
1734063698230 0.452 75
1734064356996 0.452 76
1734065014226 0.453 77
1734065671145 0.454 78
1734066327773 0.454 79
1734066984405 0.454 80
1734067641801 0.454 81
1734068298307 0.454 82
1734068956351 0.455 83
1734069612166 0.456 84
1734070271109 0.456 85
1734070928796 0.457 86
1734071584912 0.457 87
1734072242943 0.458 88
1734072900749 0.459 89
1734073557440 0.459 90
1734074213755 0.459 91
1734074868915 0.459 92
1734075526731 0.459 93
1734076184070 0.459 94
1734076840805 0.459 95
1734077497317 0.46 96
1734078155067 0.46 97
1734078810630 0.46 98
1734079466549 0.46 99
1734080124197 0.46 100
1734080782278 0.46 101
1734081439404 0.46 102
1734082095862 0.46 103
1734082752991 0.461 104
1734083411733 0.462 105
1734084069678 0.461 106
1734084726499 0.462 107
1734085383136 0.462 108
1734086039311 0.462 109
1734086697098 0.463 110
1734087354450 0.463 111
1734088011668 0.464 112
1734088668353 0.463 113
1734089327162 0.464 114
1734089985071 0.464 115
1734090643148 0.464 116
1734091299717 0.464 117
1734091956203 0.465 118
1734092613739 0.465 119
1734093270327 0.465 120
1734093926122 0.466 121
1734094583286 0.466 122
1734095241320 0.466 123
1734095897920 0.466 124
1734096555732 0.466 125
1734097213263 0.467 126
1734097870495 0.467 127
1734098526836 0.467 128
1734099183761 0.467 129
1734099840746 0.467 130
1734100497153 0.467 131
1734101153543 0.467 132
1734101809073 0.467 133
1734102465854 0.468 134
1734103122620 0.469 135
1734103781885 0.469 136
1734104439979 0.468 137
1734105095793 0.468 138
1734105751913 0.468 139
1734106408988 0.468 140
1734107067568 0.469 141
1734107723477 0.469 142
1734108380471 0.469 143
1734109037685 0.47 144
1734109696947 0.47 145
1734110353303 0.47 146
1734111009737 0.47 147
1734111666424 0.47 148
1734112323582 0.47 149
1734112980846 0.471 150
1734113637868 0.471 151
1734114294464 0.471 152
1734114952149 0.471 153
1734115608728 0.471 154
1734116266721 0.471 155
1734116923016 0.472 156
1734117580295 0.471 157
1734118238234 0.471 158
1734118895379 0.472 159
1734119552761 0.472 160
1734120209097 0.473 161
1734120865303 0.473 162
1734121522177 0.473 163
1734122177630 0.473 164
1734122836212 0.473 165
1734123492542 0.473 166
1734124148558 0.474 167
1734124804983 0.474 168
1734125461669 0.474 169
1734126118566 0.474 170
1734126775602 0.474 171
1734127433113 0.474 172
1734128090562 0.474 173
1734128747192 0.474 174
1734129404908 0.474 175
1734130063621 0.475 176
1734130721734 0.475 177
1734131378040 0.475 178
1734132034581 0.476 179
1734132691853 0.475 180
1734133349133 0.475 181
1734134005396 0.475 182
1734134660975 0.476 183
1734135317515 0.476 184
1734135975293 0.476 185
1734136630552 0.477 186
1734137286904 0.477 187
1734137944790 0.477 188
1734138601569 0.477 189
1734139257643 0.477 190
1734139914152 0.478 191
1734140570203 0.478 192
1734141225833 0.479 193
1734141882782 0.479 194
1734142538892 0.479 195
1734143195448 0.479 196
1734143851114 0.478 197
1734144509434 0.478 198
1734145166155 0.479 199
1734145821243 0.479 200
1734146477533 0.479 201
1734147135083 0.479 202
1734147792254 0.48 203
1734148447630 0.48 204
1734149104381 0.48 205
1734149761002 0.48 206
1734150419649 0.48 207
1734151075429 0.48 208
1734151732278 0.481 209
1734152388733 0.481 210
1734153047702 0.481 211
1734153704259 0.481 212
1734154359776 0.481 213
1734155015479 0.481 214
1734155671326 0.481 215
1734156329397 0.481 216
1734156985802 0.481 217
1734157642678 0.482 218
1734158299871 0.482 219
1734158957190 0.482 220
1734159613581 0.482 221
1734160269590 0.483 222
1734160924941 0.483 223
1734161582335 0.483 224
1734162238824 0.483 225
1734162894459 0.482 226
1734163551007 0.482 227
1734164207468 0.482 228
1734164864692 0.482 229
1734165520549 0.482 230
1734166176680 0.483 231
1734166832869 0.483 232
1734167490201 0.483 233
1734168146407 0.483 234
1734168803724 0.484 235
1734169462331 0.484 236
1734170118107 0.485 237
1734170773526 0.485 238
1734171430163 0.486 239
1734172087430 0.486 240
1734172743343 0.486 241
1734173398796 0.485 242
1734174055266 0.485 243
1734174711877 0.486 244
1734175368334 0.486 245
1734176026654 0.487 246
1734176685276 0.486 247
1734177341881 0.487 248
1734178000057 0.487 249
1734178657269 0.487 250
1734179313498 0.486 251
1734179969968 0.487 252
1734180626933 0.487 253
1734181283546 0.487 254
1734181940638 0.488 255
1734182596185 0.488 256
1734183253787 0.488 257
1734183910188 0.488 258
1734184567307 0.488 259
1734185223023 0.488 260
1734185879968 0.489 261
1734186538723 0.489 262
1734187196322 0.488 263
1734187852131 0.489 264
1734188508958 0.489 265
1734189164648 0.488 266
1734189821701 0.488 267
1734190478000 0.489 268
1734191134178 0.49 269
1734191790476 0.49 270
1734192449008 0.489 271
1734193105301 0.49 272
1734193763061 0.489 273
1734194418880 0.489 274
1734195075679 0.489 275
1734195732170 0.49 276
1734196387119 0.491 277
1734197042586 0.491 278
1734197698652 0.49 279
1734198358416 0.491 280
1734199014797 0.491 281
1734199671750 0.491 282
1734200329335 0.491 283
1734200986825 0.491 284
1734201643080 0.492 285
1734202297514 0.492 286
1734202952850 0.492 287
1734203608297 0.492 288
1734204265338 0.493 289
1734204920022 0.492 290
1734205575927 0.493 291
1734206232664 0.492 292
1734206890128 0.492 293
1734207546939 0.493 294
1734208203187 0.493 295
1734208858799 0.493 296
1734209514562 0.493 297
1734210170624 0.493 298
1734210826486 0.494 299
1734211482564 0.494 300
1734212137934 0.495 301
1734212794799 0.495 302
1734213451134 0.495 303
1734214107857 0.495 304
1734214764178 0.495 305
1734215421959 0.495 306
1734216078045 0.495 307
1734216733189 0.496 308
1734217388731 0.496 309
1734218044810 0.496 310
1734218702743 0.496 311
1734219358421 0.496 312
1734220014314 0.496 313
1734220670662 0.496 314
1734221328381 0.496 315
1734221984870 0.496 316
1734222641986 0.497 317
1734223299553 0.497 318
1734223955789 0.498 319
1734224612871 0.497 320
1734225268854 0.497 321
1734225927198 0.498 322
1734226582955 0.498 323
1734227240668 0.498 324
1734227897045 0.497 325
1734228553251 0.498 326
1734229210556 0.498 327
1734229866372 0.498 328
1734230523170 0.498 329
1734231179076 0.498 330
1734231835217 0.498 331
1734232492306 0.497 332
1734233150595 0.498 333
1734233806727 0.498 334
1734234461934 0.499 335
1734235117822 0.499 336
1734235774766 0.499 337
1734236431559 0.499 338
1734237088088 0.499 339
1734237743556 0.499 340
1734238399565 0.499 341
1734239056428 0.499 342
1734239713402 0.498 343
1734240368221 0.499 344
1734241023419 0.5 345
1734241682584 0.5 346
1734242339523 0.499 347
1734242996112 0.5 348
1734243652391 0.5 349
1734244309080 0.5 350
1734244965200 0.5 351
1734245622035 0.5 352
1734246279406 0.499 353
1734246936701 0.5 354
1734247594974 0.5 355
1734248252364 0.5 356
1734248908609 0.5 357
1734249564859 0.5 358
1734250222897 0.5 359
1734250879139 0.5 360
1734251535138 0.5 361
1734252193506 0.5 362
1734252850291 0.501 363
1734253508887 0.5 364
1734254163410 0.501 365
1734254818599 0.501 366
1734255474849 0.501 367
1734256133245 0.502 368
1734256789556 0.502 369
1734257446653 0.502 370
1734258102897 0.502 371
1734258760501 0.503 372
1734259418526 0.502 373
1734260074705 0.503 374
1734260730060 0.503 375
1734261386558 0.504 376
1734262044096 0.505 377
1734262700478 0.504 378
1734263357101 0.504 379
1734264012686 0.505 380
1734264668780 0.505 381
1734265324766 0.505 382
1734265981004 0.505 383
1734266636738 0.505 384
1734267292746 0.505 385
1734267949854 0.505 386
1734268606028 0.505 387
1734269260992 0.506 388
1734269919044 0.506 389
1734270575340 0.506 390
1734271230910 0.506 391
1734271886734 0.506 392
1734272543736 0.506 393
1734273199700 0.506 394
1734273856491 0.507 395
1734274512827 0.507 396
1734275168344 0.507 397
1734275824103 0.507 398
1734276480680 0.507 399
1734277138122 0.508 400
1734277794275 0.508 401
1734278451198 0.507 402
1734279107631 0.507 403
1734279763656 0.508 404
1734280419808 0.508 405
1734281075555 0.508 406
1734281731262 0.508 407
1734282388297 0.508 408
1734283044855 0.508 409
1734283701661 0.509 410
1734284358034 0.509 411
1734285015319 0.508 412
1734285671400 0.509 413
1734286328831 0.509 414
1734286985240 0.51 415
1734287641804 0.509 416
1734288299998 0.51 417
1734288956484 0.51 418
1734289612484 0.511 419
1734290267592 0.511 420
1734290924106 0.511 421
1734291581604 0.511 422
1734292237462 0.511 423
1734292894196 0.512 424
1734293550968 0.511 425
1734294207657 0.511 426
1734294864271 0.512 427
1734295522012 0.513 428
1734296178437 0.512 429
1734296835366 0.513 430
1734297491327 0.513 431
1734298147637 0.513 432
1734298803595 0.513 433
1734299460258 0.513 434
1734300118175 0.514 435
1734300774295 0.514 436
1734301430746 0.515 437
1734302086055 0.514 438
1734302743273 0.514 439
1734303400191 0.514 440
1734304056909 0.514 441
1734304714162 0.515 442
1734305370745 0.516 443
1734306027858 0.516 444
1734306684922 0.516 445
1734307342606 0.516 446
1734307999144 0.516 447
1734308655540 0.516 448
1734309311872 0.517 449
1734309967992 0.517 450
1734310623667 0.517 451
1734311280016 0.517 452
1734311937545 0.516 453
1734312593515 0.517 454
1734313249463 0.517 455
1734313905973 0.518 456
1734314564386 0.518 457
1734315220289 0.518 458
1734315876980 0.518 459
1734316533079 0.518 460
1734317188924 0.518 461
1734317845407 0.518 462
1734318501491 0.518 463
1734319157700 0.519 464
1734319814468 0.519 465
1734320469857 0.519 466
1734321126516 0.519 467
1734321784053 0.519 468
1734322441056 0.519 469
1734323097037 0.519 470
1734323754834 0.52 471
1734324410703 0.521 472
1734325066791 0.521 473
1734325722832 0.521 474
1734326380233 0.521 475
1734327036011 0.521 476
1734327690919 0.521 477
1734328347427 0.521 478
1734329004423 0.521 479
1734329660619 0.522 480
1734330316169 0.522 481
1734330972784 0.522 482
1734331628882 0.523 483
1734332285723 0.523 484
1734332941674 0.523 485
1734333599013 0.523 486
1734334255026 0.523 487
1734334912158 0.523 488
1734335568127 0.523 489
1734336198989 0.523 490
1734336829518 0.524 491
1734337459937 0.524 492
1734338092518 0.524 493
1734338722988 0.525 494
1734339352608 0.525 495
1734339983339 0.526 496
1734340614723 0.526 497
1734341245948 0.527 498
1734341876276 0.527 499
